{
 "cells": [
  {
   "cell_type": "markdown",
   "metadata": {},
   "source": [
    "# Lab 5: PCA Using Eigenvectors and Singular Value Decomposition"
   ]
  },
  {
   "cell_type": "markdown",
   "metadata": {},
   "source": [
    "# First: you should run this cell"
   ]
  },
  {
   "cell_type": "code",
   "execution_count": 1,
   "metadata": {},
   "outputs": [],
   "source": [
    "# Make all numpy available via shorter 'np' prefix\n",
    "import numpy as np"
   ]
  },
  {
   "cell_type": "markdown",
   "metadata": {},
   "source": [
    "# Question 1 : PCA Using Eigenvectors\n",
    "\n",
    "#### Create a matrix contains the following data\n",
    "\n",
    "| | Feature #1 | Feature #2 | Feature #3 | Feature #4 |\n",
    "| --- | --- | --- | --- | --- |\n",
    "| **Sample #1** | 1 | 2 | 3 | 4 |\n",
    "| **Sample #2** | 5 | 5 | 6 | 7 |\n",
    "| **Sample #3**| 1 | 4 | 2 | 3 |\n",
    "| **Sample #4**| 5 | 3 | 2 | 1 |\n",
    "| **Sample #5**| 8 | 1 | 2 | 2 |"
   ]
  },
  {
   "cell_type": "code",
   "execution_count": 2,
   "metadata": {},
   "outputs": [
    {
     "name": "stdout",
     "output_type": "stream",
     "text": [
      "M = \n",
      "[[1 2 3 4]\n",
      " [5 5 6 7]\n",
      " [1 4 2 3]\n",
      " [5 3 2 1]\n",
      " [8 1 2 2]]\n",
      "\n"
     ]
    }
   ],
   "source": [
    "M = np.array([[1,2,3,4],\n",
    "              [5,5,6,7],\n",
    "              [1,4,2,3],\n",
    "              [5,3,2,1],\n",
    "              [8,1,2,2]])\n",
    "print('M = \\n{}\\n'.format(M))"
   ]
  },
  {
   "cell_type": "markdown",
   "metadata": {},
   "source": [
    "### Step 1: Standardize the dataset.\n",
    "- Calculate data mean for each feature.\n",
    "- Calculate data standard deviation for each feature.\n",
    "\n",
    "| | Feature #1 | Feature #2 | Feature #3 | Feature #4 |\n",
    "| --- | --- | --- | --- | --- |\n",
    "| **$\\mu$** | 4 | 3 | 3 | 3.4 |\n",
    "| **$\\sigma$**| 3 | 1.58114 | 1.73205 | 2.30217 |\n",
    "\n",
    "\n",
    "- Standardize the data.\n",
    "\n",
    "| | Feature #1 | Feature #2 | Feature #3 | Feature #4 |\n",
    "| --- | --- | --- | --- | --- |\n",
    "| **Sample #1** | -1.         | -0.63245553 |  0.         |  0.26062335 |\n",
    "| **Sample #2** |  0.33333333 | 1.26491106 |  1.73205081 |  1.56374007 |\n",
    "| **Sample #3** | -1.         | 0.63245553 | -0.57735027 | -0.1737489  |\n",
    "| **Sample #4** |  0.33333333 | 0.         | -0.57735027 | -1.04249338 |\n",
    "| **Sample #5** |  1.33333333 | -1.26491106 | -0.57735027 | -0.60812114 |\n",
    "\n",
    "\n"
   ]
  },
  {
   "cell_type": "code",
   "execution_count": 3,
   "metadata": {},
   "outputs": [
    {
     "name": "stdout",
     "output_type": "stream",
     "text": [
      "M = \n",
      " [[1 2 3 4]\n",
      " [5 5 6 7]\n",
      " [1 4 2 3]\n",
      " [5 3 2 1]\n",
      " [8 1 2 2]]\n",
      "---------------------------------------------\n",
      "Data mean = \n",
      " [[4.  3.  3.  3.4]]\n",
      "---------------------------------------------\n",
      "Data standard deviation = \n",
      " [[3.         1.58113883 1.73205081 2.30217289]]\n",
      "---------------------------------------------\n",
      "X = \n",
      " [[-1.         -0.63245553  0.          0.26062335]\n",
      " [ 0.33333333  1.26491106  1.73205081  1.56374007]\n",
      " [-1.          0.63245553 -0.57735027 -0.1737489 ]\n",
      " [ 0.33333333  0.         -0.57735027 -1.04249338]\n",
      " [ 1.33333333 -1.26491106 -0.57735027 -0.60812114]]\n"
     ]
    }
   ],
   "source": [
    "#type your code here:\n"
   ]
  },
  {
   "cell_type": "markdown",
   "metadata": {},
   "source": [
    "### Step 2: Calculate the covariance matrix for the features in the dataset."
   ]
  },
  {
   "cell_type": "markdown",
   "metadata": {},
   "source": [
    "-  Calculate covariance matrix using the formula: $C = \\frac{X^TX}{n-1}$,  where $n$ is the number of data points.\n",
    "##### Note: This formula is used because the data has <b>zero</b> mean and <b>1</b> standard deviation.\n",
    "\n",
    "| | Feature #1 | Feature #2 | Feature #3 | Feature #4 |\n",
    "| --- | --- | --- | --- | --- |\n",
    "|**Feature #1** |  1.         | -0.31622777 |  0.04811252 | -0.18098843 |\n",
    "|**Feature #2** | -0.31622777 |  1.         |  0.63900965 |  0.61812254 |\n",
    "|**Feature #3** |  0.04811252 |  0.63900965 |  1.         |  0.94044349 |\n",
    "|**Feature #4** | -0.18098843 |  0.61812254 |  0.94044349 |  1.         |"
   ]
  },
  {
   "cell_type": "code",
   "execution_count": 4,
   "metadata": {},
   "outputs": [
    {
     "name": "stdout",
     "output_type": "stream",
     "text": [
      "C = \n",
      "[[ 1.         -0.31622777  0.04811252 -0.18098843]\n",
      " [-0.31622777  1.          0.63900965  0.61812254]\n",
      " [ 0.04811252  0.63900965  1.          0.94044349]\n",
      " [-0.18098843  0.61812254  0.94044349  1.        ]]\n",
      "\n"
     ]
    }
   ],
   "source": [
    "#type your code here:\n"
   ]
  },
  {
   "cell_type": "markdown",
   "metadata": {},
   "source": [
    "### Step 3: Calculate the eigenvalues and eigenvectors for the covariance matrix and sort eigenvalues and their corresponding eigenvectors.\n",
    "\n",
    "- Find eigen values and the corresponding eigen vectors for the covariance matrix\n",
    "- Calculate how much variance captured in each component. $\\frac{\\lambda_j}{\\sum_{k=1}^{m}\\lambda_k}$, where $m$ is the number of features.\n",
    "\n",
    "| Eigenvector #1 | Eigenvector #2 | Eigenvector #3 | Eigenvector #4 |\n",
    "| --- | --- | --- | --- |\n",
    "| 0.16195986 | -0.91705888 | -0.30707099 |  0.19616173 |\n",
    "|-0.52404813 |  0.20692161 | -0.81731886 |  0.12061043 |\n",
    "|-0.58589647 | -0.3205394  |  0.1882497  | -0.72009851 |\n",
    "|-0.59654663 | -0.11593512 |  0.44973251 |  0.65454704 |"
   ]
  },
  {
   "cell_type": "code",
   "execution_count": 5,
   "metadata": {},
   "outputs": [
    {
     "name": "stdout",
     "output_type": "stream",
     "text": [
      "Eigenvalues = \n",
      "[2.51579324 1.0652885  0.39388704 0.02503121]\n",
      "---------------------------------------------\n",
      "Percentage of variance = \n",
      " [0.62894831 0.26632213 0.09847176 0.0062578 ]\n",
      "---------------------------------------------\n",
      "Eigenvectors = \n",
      "[[ 0.16195986 -0.91705888 -0.30707099  0.19616173]\n",
      " [-0.52404813  0.20692161 -0.81731886  0.12061043]\n",
      " [-0.58589647 -0.3205394   0.1882497  -0.72009851]\n",
      " [-0.59654663 -0.11593512  0.44973251  0.65454704]]\n"
     ]
    }
   ],
   "source": [
    "#type your code here:\n"
   ]
  },
  {
   "cell_type": "markdown",
   "metadata": {},
   "source": [
    "### Step 4: Pick $k$ eigenvalues and form a matrix of eigenvectors.\n",
    "\n",
    "- Select the first two eigen vectors"
   ]
  },
  {
   "cell_type": "code",
   "execution_count": 6,
   "metadata": {},
   "outputs": [
    {
     "name": "stdout",
     "output_type": "stream",
     "text": [
      "eig_vecs_2 = \n",
      " [[ 0.16195986 -0.91705888]\n",
      " [-0.52404813  0.20692161]\n",
      " [-0.58589647 -0.3205394 ]\n",
      " [-0.59654663 -0.11593512]]\n"
     ]
    }
   ],
   "source": [
    "#type your code here:\n"
   ]
  },
  {
   "cell_type": "markdown",
   "metadata": {},
   "source": [
    "### Step 5:Transform the standardized matrix matrix.\n",
    "\n",
    "- `M_transformed = X @ eig_vecs_2`"
   ]
  },
  {
   "cell_type": "code",
   "execution_count": 7,
   "metadata": {},
   "outputs": [
    {
     "name": "stdout",
     "output_type": "stream",
     "text": [
      "M_transformed = \n",
      " [[ 0.01400331  0.75597476]\n",
      " [-2.55653399 -0.78043177]\n",
      " [-0.05148019  1.2531347 ]\n",
      " [ 1.01415002  0.00023881]\n",
      " [ 1.57986086 -1.2289165 ]]\n"
     ]
    }
   ],
   "source": [
    "#type your code here:\n"
   ]
  },
  {
   "cell_type": "markdown",
   "metadata": {},
   "source": [
    "# Question 2 : Singular Value Decomposition (SVD)\n",
    "\n",
    "#### For a square (real) matrices of size $(n,n)$ can be \"eigendecomposed\"  :\n",
    "$$A = V . Diag(\\Lambda). V^T$$\n",
    "\n",
    "With $V$: eigenvectors \n",
    "; $Diag(\\Lambda)$: eigenvalues (on the diagonal).\n",
    "\n",
    "#### But for a non square  of size $(n,m) (n \\neq m)$, we need to use the  Singular Value Decomposition (SVD)\n",
    "\n",
    "- Let $A $ be a matrix of size $(n,m)$ with  $n \\neq m$ the SVD of A is defined by:\n",
    "\n",
    "$$A= U . S . V^T $$\n",
    "\n",
    "Where:\n",
    " $U$: size $(n,n)$, square;\n",
    " $V$: size $(m,m)$, square;\n",
    " $S$: size $(n,m)$, rectanguler if $n \\neq m$\n",
    " \n",
    "- The values on the \"diagonal\" of $S$ are called: **singular values**. The singular values are generally sorted by decreasing order.\n",
    "- The columns of $U$ are called the **left-singular vectors**\n",
    "- The columns of $V$ are called the **right-singular vectors**"
   ]
  },
  {
   "cell_type": "markdown",
   "metadata": {},
   "source": [
    "#### (a) For the matrix $A$, find the SVD"
   ]
  },
  {
   "cell_type": "code",
   "execution_count": 8,
   "metadata": {},
   "outputs": [
    {
     "name": "stdout",
     "output_type": "stream",
     "text": [
      "n =  4\n",
      "---------------------------------------------\n",
      "m =  3\n",
      "---------------------------------------------\n",
      "rank =  3\n",
      "---------------------------------------------\n",
      "A = \n",
      " [[1 1 1]\n",
      " [3 4 5]\n",
      " [4 4 4]\n",
      " [4 5 4]]\n"
     ]
    }
   ],
   "source": [
    "A = np.array([[1, 1, 1],\n",
    "              [3, 4, 5],\n",
    "              [4, 4, 4],                            \n",
    "              [4, 5, 4]                      \n",
    "              ])\n",
    "rank = np.linalg.matrix_rank(A)\n",
    "n, m = A.shape\n",
    "print(\"n = \", n)\n",
    "print(\"---------------------------------------------\")\n",
    "print(\"m = \", m)\n",
    "print(\"---------------------------------------------\")\n",
    "print(\"rank = \", rank)\n",
    "print(\"---------------------------------------------\")\n",
    "print(\"A = \\n\", A)"
   ]
  },
  {
   "cell_type": "markdown",
   "metadata": {},
   "source": [
    "- `U, s, VT = np.linalg.svd(A, full_matrices=True)`"
   ]
  },
  {
   "cell_type": "code",
   "execution_count": 9,
   "metadata": {},
   "outputs": [
    {
     "name": "stdout",
     "output_type": "stream",
     "text": [
      "U:\n",
      " [[-0.13820166 -0.06547495 -0.18824681 -0.9701425 ]\n",
      " [-0.55997677  0.81882357  0.1263091  -0.        ]\n",
      " [-0.55280665 -0.26189981 -0.75298723  0.24253563]\n",
      " [-0.60144088 -0.50660585  0.61775349 -0.        ]]\n",
      "---------------------------------------------\n",
      "s:\n",
      " [12.49789499  1.23098537  0.53599988]\n",
      "---------------------------------------------\n",
      "VT:\n",
      " [[-0.51489647 -0.60782554 -0.60450785]\n",
      " [-0.55486191 -0.30122956  0.77549276]\n",
      " [-0.65345993  0.73471687 -0.1821572 ]]\n"
     ]
    }
   ],
   "source": [
    "#type your code here:\n"
   ]
  },
  {
   "cell_type": "markdown",
   "metadata": {},
   "source": [
    "- Construct the matrix $A$ from the SVD:\n",
    "$$A= U . S . V^T $$\n",
    "Where:\n",
    " $U$: size $(n,n)$, square;\n",
    " $V$: size $(m,m)$, square;\n",
    " $S$: size $(n,m)$, rectanguler if $n \\neq m$"
   ]
  },
  {
   "cell_type": "code",
   "execution_count": 10,
   "metadata": {},
   "outputs": [
    {
     "name": "stdout",
     "output_type": "stream",
     "text": [
      "U=\n",
      " [[-0.13820166 -0.06547495 -0.18824681 -0.9701425 ]\n",
      " [-0.55997677  0.81882357  0.1263091  -0.        ]\n",
      " [-0.55280665 -0.26189981 -0.75298723  0.24253563]\n",
      " [-0.60144088 -0.50660585  0.61775349 -0.        ]]\n",
      "---------------------------------------------\n",
      "S=\n",
      " [[12.49789499  0.          0.        ]\n",
      " [ 0.          1.23098537  0.        ]\n",
      " [ 0.          0.          0.53599988]\n",
      " [ 0.          0.          0.        ]]\n",
      "---------------------------------------------\n",
      "VT=\n",
      " [[-0.51489647 -0.60782554 -0.60450785]\n",
      " [-0.55486191 -0.30122956  0.77549276]\n",
      " [-0.65345993  0.73471687 -0.1821572 ]]\n",
      "---------------------------------------------\n",
      "A = \n",
      " [[1 1 1]\n",
      " [3 4 5]\n",
      " [4 4 4]\n",
      " [4 5 4]]\n",
      "---------------------------------------------\n",
      "U @ S @ VT=\n",
      " [[1. 1. 1.]\n",
      " [3. 4. 5.]\n",
      " [4. 4. 4.]\n",
      " [4. 5. 4.]]\n"
     ]
    }
   ],
   "source": [
    "#type your code here:\n"
   ]
  },
  {
   "cell_type": "markdown",
   "metadata": {},
   "source": [
    "#### $k$-rank approximation\n",
    "\n",
    "- Construct the matrix $\\tilde{A}$ using **$k$-rank approximation**.\n",
    "- Calculate the approximation error using frobenius norm.\n",
    "\n",
    "$$\\tilde{A}= \\tilde{U} . \\tilde{S} . \\tilde{V}^T $$\n",
    "Where:\n",
    " $\\tilde{U}$: size $(n,k)$,\n",
    "  $\\tilde{S}$: size $(k,k)$,\n",
    " $\\tilde{V}$: size $(k,m)$;\n"
   ]
  },
  {
   "cell_type": "code",
   "execution_count": 11,
   "metadata": {},
   "outputs": [
    {
     "name": "stdout",
     "output_type": "stream",
     "text": [
      "---------------------------------------------\n",
      "k =\n",
      " 3\n",
      "---------------------------------------------\n",
      "A = \n",
      " [[1 1 1]\n",
      " [3 4 5]\n",
      " [4 4 4]\n",
      " [4 5 4]]\n",
      "---------------------------------------------\n",
      "A_tilde = \n",
      " [[1. 1. 1.]\n",
      " [3. 4. 5.]\n",
      " [4. 4. 4.]\n",
      " [4. 5. 4.]]\n",
      "---------------------------------------------\n",
      "A_tilde_rank = \n",
      " 3\n",
      "---------------------------------------------\n",
      "error = \n",
      " 8.350323853034144e-15\n"
     ]
    }
   ],
   "source": [
    "#type your code here:\n"
   ]
  },
  {
   "cell_type": "code",
   "execution_count": 12,
   "metadata": {},
   "outputs": [
    {
     "name": "stdout",
     "output_type": "stream",
     "text": [
      "---------------------------------------------\n",
      "k =\n",
      " 2\n",
      "---------------------------------------------\n",
      "A = \n",
      " [[1 1 1]\n",
      " [3 4 5]\n",
      " [4 4 4]\n",
      " [4 5 4]]\n",
      "---------------------------------------------\n",
      "A_tilde = \n",
      " [[0.93406572 1.07413313 0.98162029]\n",
      " [3.04424033 3.95025845 5.01233235]\n",
      " [3.73626287 4.29653251 3.92648116]\n",
      " [4.21637091 4.75672364 4.06031513]]\n",
      "---------------------------------------------\n",
      "A_tilde_rank = \n",
      " 2\n",
      "---------------------------------------------\n",
      "error = \n",
      " 0.535999880890996\n"
     ]
    }
   ],
   "source": [
    "#type your code here:\n"
   ]
  },
  {
   "cell_type": "code",
   "execution_count": 13,
   "metadata": {},
   "outputs": [
    {
     "name": "stdout",
     "output_type": "stream",
     "text": [
      "---------------------------------------------\n",
      "k =\n",
      " 1\n",
      "---------------------------------------------\n",
      "A = \n",
      " [[1 1 1]\n",
      " [3 4 5]\n",
      " [4 4 4]\n",
      " [4 5 4]]\n",
      "---------------------------------------------\n",
      "A_tilde = \n",
      " [[0.88934457 1.04985441 1.044124  ]\n",
      " [3.60351884 4.25388574 4.2306668 ]\n",
      " [3.55737826 4.19941766 4.17649602]\n",
      " [3.87034549 4.56886954 4.54393133]]\n",
      "---------------------------------------------\n",
      "A_tilde_rank = \n",
      " 1\n",
      "---------------------------------------------\n",
      "error = \n",
      " 1.3426171667971218\n"
     ]
    }
   ],
   "source": [
    "#type your code here:\n"
   ]
  },
  {
   "cell_type": "markdown",
   "metadata": {},
   "source": [
    "#### (b) Repeat the previous steps in (a) for the following matrix"
   ]
  },
  {
   "cell_type": "code",
   "execution_count": 14,
   "metadata": {},
   "outputs": [
    {
     "name": "stdout",
     "output_type": "stream",
     "text": [
      "n=  8\n",
      "---------------------------------------------\n",
      "m =  5\n",
      "---------------------------------------------\n",
      "rank =  3\n",
      "---------------------------------------------\n",
      "A = \n",
      " [[1 1 1 0 1]\n",
      " [3 4 5 1 0]\n",
      " [4 4 4 0 1]\n",
      " [4 5 4 1 1]\n",
      " [4 6 4 0 1]\n",
      " [4 7 4 1 1]\n",
      " [4 8 4 0 1]\n",
      " [4 9 4 1 0]]\n"
     ]
    }
   ],
   "source": [
    "A = np.array([[1, 1, 1, 0, 1],\n",
    "              [3, 4, 5, 1, 0],\n",
    "              [4, 4, 4, 0, 1],                            \n",
    "              [4, 5, 4, 1, 1],                            \n",
    "              [4, 6, 4, 0, 1],                            \n",
    "              [4, 7, 4, 1, 1],                            \n",
    "              [4, 8, 4, 0, 1],                            \n",
    "              [4, 9, 4, 1, 0],                            \n",
    "              ])\n",
    "\n",
    "n, m=A.shape\n",
    "print(\"n= \", n)\n",
    "print(\"---------------------------------------------\")\n",
    "print(\"m = \", m)\n",
    "print(\"---------------------------------------------\")\n",
    "print(\"rank = \", rank)\n",
    "print(\"---------------------------------------------\")\n",
    "print(\"A = \\n\", A)"
   ]
  },
  {
   "cell_type": "code",
   "execution_count": 15,
   "metadata": {},
   "outputs": [
    {
     "name": "stdout",
     "output_type": "stream",
     "text": [
      "U:\n",
      " [[-0.07796472  0.1530172  -0.35302976  0.22877679 -0.57696258 -0.38937491\n",
      "  -0.44740288  0.3299552 ]\n",
      " [-0.30094927  0.52061094  0.6793994  -0.25175352 -0.33679431 -0.\n",
      "  -0.          0.        ]\n",
      " [-0.3005767   0.46361787 -0.32739721 -0.22028811  0.48946108  0.15935356\n",
      "  -0.02773061  0.52274434]\n",
      " [-0.33654592  0.28310997 -0.04237127  0.58222388  0.21766838 -0.4401089\n",
      "   0.38618031 -0.2749455 ]\n",
      " [-0.36661023  0.07504788 -0.30162828 -0.30797535  0.06535036  0.02405806\n",
      "  -0.44256981 -0.68805437]\n",
      " [-0.40257945 -0.10546002 -0.01660234  0.49453663 -0.20644234  0.73214008\n",
      "  -0.05062814  0.0274791 ]\n",
      " [-0.43264377 -0.31352211 -0.27585935 -0.3956626  -0.35876036 -0.08606789\n",
      "   0.58215114  0.08282124]\n",
      " [-0.46485226 -0.54351365  0.37074053  0.0283843   0.30188407 -0.29203118\n",
      "  -0.33555216  0.2474664 ]]\n",
      "---------------------------------------------\n",
      "s:\n",
      " [22.57699942  3.35144935  1.90842851  1.00414786  0.62966044]\n",
      "---------------------------------------------\n",
      "VT:\n",
      " [[-0.45161209 -0.74541953 -0.4782719  -0.06665752 -0.08490591]\n",
      " [ 0.34372285 -0.65113632  0.65440094  0.04617323  0.16584191]\n",
      " [-0.36014096  0.02458908  0.35185784  0.51936256 -0.69003801]\n",
      " [ 0.19757174 -0.04402548 -0.30385545  0.84986617  0.38003491]\n",
      " [ 0.713558   -0.13352287 -0.35620687 -0.03761424 -0.58711878]]\n"
     ]
    }
   ],
   "source": [
    "#type your code here:\n"
   ]
  },
  {
   "cell_type": "code",
   "execution_count": 16,
   "metadata": {},
   "outputs": [
    {
     "name": "stdout",
     "output_type": "stream",
     "text": [
      "U=\n",
      " [[-0.07796472  0.1530172  -0.35302976  0.22877679 -0.57696258 -0.38937491\n",
      "  -0.44740288  0.3299552 ]\n",
      " [-0.30094927  0.52061094  0.6793994  -0.25175352 -0.33679431 -0.\n",
      "  -0.          0.        ]\n",
      " [-0.3005767   0.46361787 -0.32739721 -0.22028811  0.48946108  0.15935356\n",
      "  -0.02773061  0.52274434]\n",
      " [-0.33654592  0.28310997 -0.04237127  0.58222388  0.21766838 -0.4401089\n",
      "   0.38618031 -0.2749455 ]\n",
      " [-0.36661023  0.07504788 -0.30162828 -0.30797535  0.06535036  0.02405806\n",
      "  -0.44256981 -0.68805437]\n",
      " [-0.40257945 -0.10546002 -0.01660234  0.49453663 -0.20644234  0.73214008\n",
      "  -0.05062814  0.0274791 ]\n",
      " [-0.43264377 -0.31352211 -0.27585935 -0.3956626  -0.35876036 -0.08606789\n",
      "   0.58215114  0.08282124]\n",
      " [-0.46485226 -0.54351365  0.37074053  0.0283843   0.30188407 -0.29203118\n",
      "  -0.33555216  0.2474664 ]]\n",
      "---------------------------------------------\n",
      "S=\n",
      " [[22.57699942  0.          0.          0.          0.        ]\n",
      " [ 0.          3.35144935  0.          0.          0.        ]\n",
      " [ 0.          0.          1.90842851  0.          0.        ]\n",
      " [ 0.          0.          0.          1.00414786  0.        ]\n",
      " [ 0.          0.          0.          0.          0.62966044]\n",
      " [ 0.          0.          0.          0.          0.        ]\n",
      " [ 0.          0.          0.          0.          0.        ]\n",
      " [ 0.          0.          0.          0.          0.        ]]\n",
      "---------------------------------------------\n",
      "VT=\n",
      " [[-0.45161209 -0.74541953 -0.4782719  -0.06665752 -0.08490591]\n",
      " [ 0.34372285 -0.65113632  0.65440094  0.04617323  0.16584191]\n",
      " [-0.36014096  0.02458908  0.35185784  0.51936256 -0.69003801]\n",
      " [ 0.19757174 -0.04402548 -0.30385545  0.84986617  0.38003491]\n",
      " [ 0.713558   -0.13352287 -0.35620687 -0.03761424 -0.58711878]]\n",
      "---------------------------------------------\n",
      "A = \n",
      " [[1 1 1 0 1]\n",
      " [3 4 5 1 0]\n",
      " [4 4 4 0 1]\n",
      " [4 5 4 1 1]\n",
      " [4 6 4 0 1]\n",
      " [4 7 4 1 1]\n",
      " [4 8 4 0 1]\n",
      " [4 9 4 1 0]]\n",
      "---------------------------------------------\n",
      "U @ S @ VT=\n",
      " [[ 1.  1.  1. -0.  1.]\n",
      " [ 3.  4.  5.  1.  0.]\n",
      " [ 4.  4.  4. -0.  1.]\n",
      " [ 4.  5.  4.  1.  1.]\n",
      " [ 4.  6.  4. -0.  1.]\n",
      " [ 4.  7.  4.  1.  1.]\n",
      " [ 4.  8.  4. -0.  1.]\n",
      " [ 4.  9.  4.  1.  0.]]\n"
     ]
    }
   ],
   "source": [
    "#type your code here:\n"
   ]
  },
  {
   "cell_type": "code",
   "execution_count": 17,
   "metadata": {},
   "outputs": [
    {
     "name": "stdout",
     "output_type": "stream",
     "text": [
      "---------------------------------------------\n",
      "k =\n",
      " 5\n",
      "---------------------------------------------\n",
      "A = \n",
      " [[1 1 1 0 1]\n",
      " [3 4 5 1 0]\n",
      " [4 4 4 0 1]\n",
      " [4 5 4 1 1]\n",
      " [4 6 4 0 1]\n",
      " [4 7 4 1 1]\n",
      " [4 8 4 0 1]\n",
      " [4 9 4 1 0]]\n",
      "---------------------------------------------\n",
      "A_tilde = \n",
      " [[ 1.  1.  1. -0.  1.]\n",
      " [ 3.  4.  5.  1.  0.]\n",
      " [ 4.  4.  4. -0.  1.]\n",
      " [ 4.  5.  4.  1.  1.]\n",
      " [ 4.  6.  4. -0.  1.]\n",
      " [ 4.  7.  4.  1.  1.]\n",
      " [ 4.  8.  4. -0.  1.]\n",
      " [ 4.  9.  4.  1.  0.]]\n",
      "---------------------------------------------\n",
      "A_tilde_rank = \n",
      " 5\n",
      "---------------------------------------------\n",
      "error = \n",
      " 1.2015232257456147e-14\n"
     ]
    }
   ],
   "source": [
    "#type your code here:\n"
   ]
  },
  {
   "cell_type": "code",
   "execution_count": 18,
   "metadata": {},
   "outputs": [
    {
     "name": "stdout",
     "output_type": "stream",
     "text": [
      "---------------------------------------------\n",
      "k =\n",
      " 4\n",
      "---------------------------------------------\n",
      "A = \n",
      " [[1 1 1 0 1]\n",
      " [3 4 5 1 0]\n",
      " [4 4 4 0 1]\n",
      " [4 5 4 1 1]\n",
      " [4 6 4 0 1]\n",
      " [4 7 4 1 1]\n",
      " [4 8 4 0 1]\n",
      " [4 9 4 1 0]]\n",
      "---------------------------------------------\n",
      "A_tilde = \n",
      " [[ 1.25922885  0.95149241  0.87059342 -0.0136649   0.78670532]\n",
      " [ 3.15132143  3.97168433  4.92446062  0.9920233  -0.12450796]\n",
      " [ 3.78008551  4.04115099  4.10978092  0.01159249  1.18094665]\n",
      " [ 3.90220176  5.01830027  4.0488207   1.0051553   1.08046884]\n",
      " [ 3.97063813  6.00549427  4.01465739  0.00154777  1.02415908]\n",
      " [ 4.09275439  6.98264355  3.95369718  0.99511058  0.92368127]\n",
      " [ 4.16119076  7.96983756  3.91953386 -0.00849695  0.86737151]\n",
      " [ 3.86436371  9.02538062  4.06770939  1.00714988  0.11160215]]\n",
      "---------------------------------------------\n",
      "A_tilde_rank = \n",
      " 4\n",
      "---------------------------------------------\n",
      "error = \n",
      " 0.6296604396728651\n"
     ]
    }
   ],
   "source": [
    "#type your code here:\n"
   ]
  },
  {
   "cell_type": "code",
   "execution_count": 19,
   "metadata": {},
   "outputs": [
    {
     "name": "stdout",
     "output_type": "stream",
     "text": [
      "---------------------------------------------\n",
      "k =\n",
      " 3\n",
      "---------------------------------------------\n",
      "A = \n",
      " [[1 1 1 0 1]\n",
      " [3 4 5 1 0]\n",
      " [4 4 4 0 1]\n",
      " [4 5 4 1 1]\n",
      " [4 6 4 0 1]\n",
      " [4 7 4 1 1]\n",
      " [4 8 4 0 1]\n",
      " [4 9 4 1 0]]\n",
      "---------------------------------------------\n",
      "A_tilde = \n",
      " [[ 1.21384154  0.96160619  0.94039684 -0.20890102  0.69940153]\n",
      " [ 3.20126712  3.96055479  4.84764664  1.20686756 -0.02843599]\n",
      " [ 3.82378874  4.03141247  4.04256754  0.19958445  1.26501107]\n",
      " [ 3.78669365  5.04403927  4.2264664   0.50829052  0.85828566]\n",
      " [ 4.03173774  5.99187927  3.92068925  0.26437126  1.14168593]\n",
      " [ 3.99464265  7.00450607  4.10458811  0.57307732  0.73496053]\n",
      " [ 4.23968675  7.95234607  3.79881096  0.32915806  1.0183608 ]\n",
      " [ 3.85873252  9.02663544  4.07636989  0.98292697  0.10077039]]\n",
      "---------------------------------------------\n",
      "A_tilde_rank = \n",
      " 3\n",
      "---------------------------------------------\n",
      "error = \n",
      " 1.1852363429368313\n"
     ]
    }
   ],
   "source": [
    "#type your code here:\n"
   ]
  },
  {
   "cell_type": "code",
   "execution_count": 20,
   "metadata": {},
   "outputs": [
    {
     "name": "stdout",
     "output_type": "stream",
     "text": [
      "---------------------------------------------\n",
      "k =\n",
      " 2\n",
      "---------------------------------------------\n",
      "A = \n",
      " [[1 1 1 0 1]\n",
      " [3 4 5 1 0]\n",
      " [4 4 4 0 1]\n",
      " [4 5 4 1 1]\n",
      " [4 6 4 0 1]\n",
      " [4 7 4 1 1]\n",
      " [4 8 4 0 1]\n",
      " [4 9 4 1 0]]\n",
      "---------------------------------------------\n",
      "A_tilde = \n",
      " [[0.97120303 0.97817264 1.17745474 0.14101019 0.2345008 ]\n",
      " [3.66822055 3.92867295 4.39143298 0.53346975 0.86625708]\n",
      " [3.59876756 4.04677607 4.2624133  0.52408954 0.83386553]\n",
      " [3.75757173 5.04602761 4.25491852 0.55028749 0.80248744]\n",
      " [3.82442764 6.00603363 4.12323129 0.56333505 0.7444752 ]\n",
      " [3.98323181 7.00528516 4.11573651 0.589533   0.71309711]\n",
      " [4.05008771 7.96529118 3.98404928 0.60258057 0.65508487]\n",
      " [4.1135437  9.00923788 3.82741928 0.61546144 0.58899422]]\n",
      "---------------------------------------------\n",
      "A_tilde_rank = \n",
      " 2\n",
      "---------------------------------------------\n",
      "error = \n",
      " 2.2465272268175456\n"
     ]
    }
   ],
   "source": [
    "#type your code here:\n"
   ]
  },
  {
   "cell_type": "code",
   "execution_count": 21,
   "metadata": {},
   "outputs": [
    {
     "name": "stdout",
     "output_type": "stream",
     "text": [
      "---------------------------------------------\n",
      "k =\n",
      " 1\n",
      "---------------------------------------------\n",
      "A = \n",
      " [[1 1 1 0 1]\n",
      " [3 4 5 1 0]\n",
      " [4 4 4 0 1]\n",
      " [4 5 4 1 1]\n",
      " [4 6 4 0 1]\n",
      " [4 7 4 1 1]\n",
      " [4 8 4 0 1]\n",
      " [4 9 4 1 0]]\n",
      "---------------------------------------------\n",
      "A_tilde = \n",
      " [[0.79493186 1.31209448 0.84185871 0.1173312  0.14945219]\n",
      " [3.06849251 5.06477638 3.24963343 0.45290665 0.57689591]\n",
      " [3.06469381 5.05850635 3.24561049 0.45234596 0.57618173]\n",
      " [3.43143763 5.66384444 3.63400412 0.50647701 0.64513187]\n",
      " [3.73797475 6.16980689 3.95863691 0.5517216  0.70276278]\n",
      " [4.10471857 6.77514498 4.34703055 0.60585265 0.77171293]\n",
      " [4.41125569 7.28110744 4.67166334 0.65109724 0.82934383]\n",
      " [4.73965497 7.823155   5.01944886 0.69956867 0.89108496]]\n",
      "---------------------------------------------\n",
      "A_tilde_rank = \n",
      " 1\n",
      "---------------------------------------------\n",
      "error = \n",
      " 4.034736338985961\n"
     ]
    }
   ],
   "source": [
    "#type your code here:\n"
   ]
  }
 ],
 "metadata": {
  "kernelspec": {
   "display_name": "Python 3 (ipykernel)",
   "language": "python",
   "name": "python3"
  },
  "language_info": {
   "codemirror_mode": {
    "name": "ipython",
    "version": 3
   },
   "file_extension": ".py",
   "mimetype": "text/x-python",
   "name": "python",
   "nbconvert_exporter": "python",
   "pygments_lexer": "ipython3",
   "version": "3.8.5"
  }
 },
 "nbformat": 4,
 "nbformat_minor": 4
}
